event000001943 12706 10088 6970 4206 1708 811
event000002557 16617 13007 9010 5258 2265 1102
event000002254 12034 9278 6345 3888 1596 706
event000001692 13448 10756 7711 4738 2139 1061
event000001297 12706 10026 6979 4136 1683 799
event000001975 12531 9859 6977 4230 1854 968
event000002061 14130 11312 8052 4861 2112 999
event000002745 10383 8250 5847 3414 1421 644
event000001388 12206 9652 6633 3962 1683 802
event000002700 13328 10365 7363 4355 1788 777
event000001221 11724 8998 6124 3637 1520 720
event000001694 12073 9429 6520 3804 1596 734
event000002649 10844 8358 5846 3311 1301 665
event000002212 15782 12569 9068 5648 2547 1236
event000001897 10651 8539 5968 3385 1379 653
event000002014 15175 12020 8617 4983 1964 966
event000001919 12786 9690 6911 3852 1519 735
event000002127 12618 10015 7157 4360 1817 874
event000002277 12055 9468 6609 4114 1723 888
event000002542 12523 9899 7088 4168 1807 915
event000001880 13503 10335 7284 4016 1691 697
event000002331 11572 8812 6160 3741 1549 809
event000002559 14198 11162 7830 4548 1943 920
event000001691 12277 9648 6700 3897 1688 759
event000002783 13603 10596 7523 4554 1869 870
event000001193 9695 7762 5558 3230 1455 787
event000001953 12304 9447 6560 3896 1677 765
event000001618 10061 7734 5499 3286 1449 747
event000002389 16122 12552 8909 5278 2166 985
event000001603 11608 8953 6251 3719 1605 739
event000001816 13699 10790 7539 4721 2143 1066
event000001556 14128 11014 7964 4552 1936 841
event000001018 10308 8043 5655 3315 1437 699
event000002116 11843 9132 6478 3816 1578 725
event000002758 14686 11696 8381 4885 2157 1041
event000001514 13482 10386 7470 4533 1997 940
event000001283 12037 9204 6490 3850 1571 758
event000001958 12933 10033 7149 4148 1845 882
event000002364 10882 8383 5899 3618 1633 806
event000002514 12398 9719 7014 4349 1888 940
event000001896 12921 9944 6899 4320 1821 996
event000001782 12431 9638 6987 4272 1989 960
event000001829 10483 7964 5587 3230 1406 620
event000001209 12680 9888 7062 4115 1671 824
event000001160 10050 7598 5211 3092 1272 602
event000001699 15388 12095 8490 5037 2280 1081
event000001167 14807 11853 8366 5124 2241 1078
event000001391 12633 10064 7179 4114 1766 878
event000002187 14257 11131 7783 4666 2032 1023
event000002599 12802 10095 6914 4055 1816 854
event000001824 13204 10219 7124 4214 1823 864
event000001486 10098 7749 5482 3204 1412 647
event000002186 12626 9843 6851 4109 1697 821
event000001663 15330 11969 8437 5268 2233 1009
event000001817 12407 9608 6873 4186 1814 818
event000002450 14960 11622 8064 4770 2198 1048
event000001558 14048 10949 7768 4491 2030 928
event000002226 12171 9354 6407 3749 1538 758
event000002491 12146 9648 6828 4192 1860 876
event000001205 13807 10665 7462 4367 1825 880
event000002813 13756 10743 7524 4464 1810 740
event000002231 12123 9688 6767 3825 1517 752
event000002123 14561 11353 7901 4742 2008 951
event000001076 11527 8999 6338 3783 1540 760
event000001627 11581 9110 6358 3922 1685 910
event000002147 11545 9006 6225 3687 1544 721
event000001068 11701 9042 6341 3891 1556 716
event000001079 13802 10651 7162 4277 1709 743
event000002747 12486 9802 6910 4124 1684 836
event000001508 13942 10884 7807 4631 2149 1011
event000001199 11758 9188 6415 3835 1542 743
event000001280 11741 9151 6413 3747 1580 743
event000001680 13176 10395 7187 4261 1770 849
event000001915 11384 8823 6023 3373 1340 626
event000001587 13831 10771 7644 4804 1989 926
event000002205 11748 9312 6609 4058 1704 869
event000001874 13291 10398 7227 4372 1685 844
event000001460 11402 9038 6522 3898 1766 843
event000001740 14725 11360 8093 4706 1966 936
event000002513 14150 10964 7637 4615 1922 794
event000001512 15666 12393 8925 5536 2539 1210
event000002725 12399 9743 6857 4178 1795 874
event000002574 13117 10387 7298 4434 1854 934
event000001994 14344 11184 7777 4621 1910 859
event000002291 12516 9867 7123 4189 1912 916
event000002059 12747 9963 6962 4017 1704 837
event000001830 11742 9244 6502 3974 1793 833
event000002766 11563 8991 6319 3762 1564 777
event000001735 11214 8724 6228 3750 1578 773
event000002107 13705 10720 7860 4702 1944 1020
event000002637 11883 9232 6496 3948 1603 748
event000001796 10815 8368 5843 3508 1467 738
event000002120 12521 9592 6595 3806 1630 794
event000002240 13402 10552 7586 4499 2094 1011
event000001238 14562 11406 8262 5063 1996 984
event000002169 12724 10042 7071 4177 1710 846
event000002016 10040 7902 5464 3245 1384 709
event000001411 12198 9545 6847 4036 1623 849
event000001183 11418 8966 6303 3773 1568 781
event000001444 12626 9888 7108 4221 1732 822
event000001890 14946 11498 8012 4778 1984 1008
event000001440 14567 11489 8196 4806 2047 1000
event000001070 12102 9316 6684 3911 1627 744
event000002189 13945 10830 7404 4341 1826 847
event000002579 15130 11769 8311 5062 2209 1083
event000001870 13021 10293 7283 4393 1868 862
event000001797 12735 9971 7158 4325 1804 900
event000002476 13267 10639 7292 4438 1805 857
event000002055 11549 8990 6338 3762 1520 731
event000001947 13214 10082 7081 4085 1650 808
event000001371 11712 8856 5993 3514 1516 782
event000001992 12162 9573 6611 3959 1576 738
event000001682 10205 7867 5356 3099 1350 668
event000001242 10231 7974 5601 3323 1505 745
event000001792 12662 9776 6714 3896 1487 692
event000001278 9513 7389 4843 2799 1169 578
event000002173 12173 9607 6775 4098 1789 892
event000002455 12573 9625 6707 3941 1703 814
event000002140 14585 11310 7977 4570 1918 922
event000002272 11795 9160 6484 3878 1565 795
event000002199 14784 11593 8140 4755 2106 944
event000001211 14653 11506 8089 4674 1970 908
event000002451 10026 7713 5357 3058 1226 499
event000002528 12400 9630 6727 4003 1713 914
event000002653 13536 10716 7690 4565 1980 893
event000002010 9503 7230 5029 2934 1177 543
event000001853 13387 10434 7549 4376 2030 1010
event000001784 12556 9751 6764 3968 1643 755
event000001977 11391 8918 6252 3967 1766 971
event000002304 15617 12494 9032 5374 2252 1112
event000001225 14428 11177 7976 4872 2115 1062
event000001241 13986 10774 7617 4418 1770 825
event000001565 10408 8013 5604 3238 1295 620
event000002323 9939 7746 5347 3131 1379 718
event000001640 11021 8544 5911 3410 1508 706
event000002004 15597 12521 8949 5378 2230 1037
event000002572 13127 10250 7113 4194 1683 842
event000001838 9781 7723 5355 3181 1322 607
event000001459 13238 10191 7068 4121 1682 806
event000001589 14062 10771 7680 4458 1910 901
event000002467 16157 12816 8988 5436 2363 1142
event000001521 13023 10207 7114 4306 1848 951
event000002191 11465 8803 5971 3365 1440 691
event000001045 13086 10291 7086 4257 1756 833
event000001436 15169 11927 8296 4929 2162 1034
event000001665 10634 8230 5833 3387 1395 651
event000001934 11763 9190 6433 3850 1538 712
event000001465 10952 8524 5881 3511 1516 670
event000002381 11869 9383 6519 3727 1558 761
event000002297 14241 11120 7769 4652 1951 945
event000002081 10553 8316 5710 3215 1264 606
event000002497 12376 9719 6727 3927 1648 849
event000001540 11539 9077 6400 3738 1602 761
event000002022 10893 8381 5642 3105 1373 592
event000001741 10450 8248 5827 3508 1478 656
event000001064 12929 10073 7187 4231 1715 851
event000001257 13649 10593 7351 4329 1793 846
event000002210 11273 8905 6356 3774 1656 807
event000001609 13822 10781 7581 4445 1892 915
event000002035 14417 11324 7955 4862 1930 898
event000001970 11157 8585 6064 3592 1496 726
event000002646 12062 9422 6725 4015 1790 913
event000002209 13495 10655 7488 4352 1885 918
event000001489 12968 10049 7152 4320 1902 928
event000001510 9983 7895 5694 3514 1559 771
event000002311 15093 11838 8292 4761 2028 940
event000001569 10776 8248 5831 3412 1513 761
event000002162 14284 11217 7630 4532 1815 839
event000001546 12866 9965 6962 4193 1783 860
event000001047 10803 8353 5826 3361 1428 801
event000002665 11554 9139 6383 3832 1552 777
event000002368 11395 8768 6099 3612 1631 813
event000002094 12242 9662 6729 3939 1658 713
event000001434 12515 9757 6803 4076 1721 865
event000002246 10549 8142 5642 3409 1450 706
event000001647 12172 9520 6779 4135 1704 845
event000002718 13383 10326 7285 4438 2021 1081
event000002032 12785 9896 7016 4224 1729 888
event000002158 13090 10172 7215 4378 1860 859
event000001255 13764 10900 7633 4533 1839 879
event000001188 14200 11051 7738 4491 1851 926
event000001491 9361 7364 5210 3158 1289 663
event000002183 10472 8060 5630 3336 1425 775
event000001403 11591 8924 6215 3680 1485 643
event000001273 13470 10687 7475 4518 1824 816
event000001405 11548 9137 6456 3931 1808 806
event000002343 13117 10370 7374 4560 1954 959
event000001382 15218 12142 8555 5219 2176 1061
event000001754 14220 11043 7829 4597 1867 921
event000001787 13646 10704 7631 4579 1984 889
event000001893 12578 9851 6912 4172 1770 859
event000002047 11643 8955 6024 3551 1389 592
event000002329 10155 8010 5599 3280 1533 713
event000001417 13935 10793 7325 4269 1727 731
event000001811 12349 9534 6861 4015 1717 771
event000002546 12055 9425 6483 3872 1648 786
event000001517 10943 8447 5737 3299 1447 757
event000001574 14953 11682 8124 4889 2222 1070
event000002076 9996 7725 5263 3095 1257 615
event000002805 12205 9485 6739 3989 1585 768
event000001872 15156 11778 8169 4840 2079 1005
event000001412 12492 9711 6758 3918 1639 769
event000001367 11936 9495 6583 3721 1543 725
event000001485 13104 10318 7225 4245 1729 794
event000002543 14392 11420 8031 4927 2183 1041
event000002738 13663 10628 7514 4378 1791 882
event000002397 12527 9783 6885 4165 1807 902
event000001711 15283 12038 8674 5098 2151 1002
event000002681 12203 9435 6609 3997 1729 920
event000002699 11100 8609 6012 3485 1422 667
event000002694 10588 8227 5878 3514 1463 747
event000001369 11264 8796 6160 3571 1466 737
event000001923 10237 7955 5566 3328 1504 746
event000001023 15466 12074 8491 5126 2073 989
event000002031 10648 8249 5834 3547 1507 788
event000002556 12532 9800 6998 4060 1728 749
event000001827 10812 8472 5988 3587 1454 662
event000002635 12805 10087 7190 4429 1808 912
event000001469 14319 11136 7928 4727 2153 1091
event000002526 11072 8463 5757 3309 1385 645
event000001810 10679 8103 5437 3160 1276 653
event000002349 13389 10353 7249 4164 1719 891
event000001449 11839 9312 6533 3811 1556 626
event000001744 11940 9169 6393 3808 1683 837
event000002336 13289 10282 7220 4434 1783 868
event000001494 12402 9635 6712 4017 1769 823
event000001099 13818 10861 7666 4502 1935 875
event000002260 12505 9868 7067 4286 1847 900
event000001207 16508 12906 9386 5655 2330 1197
event000001509 13676 10761 7601 4411 1875 908
event000001712 11902 9426 6724 3955 1696 876
event000001753 12803 10116 7161 4152 1853 839
event000001130 13720 10734 7521 4523 1962 986
event000001659 12650 9918 6933 3940 1697 834
event000001184 11239 8884 6384 3838 1568 796
event000002211 13085 10281 7204 4407 1887 944
event000001438 11982 9434 6617 4068 1807 779
event000001276 12638 9901 7112 4281 1934 959
event000002733 11633 9033 6268 3565 1421 609
event000001404 11192 8663 5836 3337 1414 698
event000001294 12197 9707 7004 4306 1897 973
event000001052 11088 8633 5970 3552 1492 636
event000001437 12240 9541 6890 4064 1774 806
event000001220 11942 9211 6330 3653 1598 781
event000001146 11452 9040 6304 3733 1602 813
event000001347 13340 10296 7206 4242 1706 805
event000001178 9844 7709 5465 3266 1476 649
event000001119 11476 8803 6292 3675 1628 852
event000002517 10642 8205 5637 3302 1467 775
event000002458 10350 8067 5707 3464 1533 748
event000002157 14418 11116 7797 4610 2003 925
event000001024 14012 10990 7847 4837 2092 1039
event000002056 12991 10130 7213 4186 1724 771
event000001583 11424 8993 6365 3835 1634 710
event000002096 12349 9679 6864 4141 1684 846
event000001158 13203 10303 7340 4491 2047 1049
event000001091 11007 8629 6077 3720 1529 715
event000002720 8999 6894 4885 2899 1115 543
event000002188 12356 9522 6792 3969 1839 865
event000001727 14749 11663 8243 4994 2123 952
event000002715 10003 7796 5443 3201 1324 583
event000001749 11559 8976 6232 3671 1483 681
event000001979 10930 8413 5877 3526 1533 765
event000001275 16418 12960 9292 5643 2354 1107
event000002369 11644 8961 6443 3804 1714 903
event000001710 13289 10217 7094 4226 1804 824
event000002245 11818 9376 6550 3920 1615 837
event000001641 12897 10089 7181 4244 1920 934
event000001983 11616 9107 6337 3642 1531 702
event000002754 12585 9947 7118 4253 1822 878
event000002237 14951 11616 8244 5074 2089 994
event000002654 14654 11723 8411 5024 2143 1082
event000002761 13173 10251 7217 4310 1952 927
event000002524 12115 9542 6723 4045 1730 859
event000001617 14976 11722 8198 4827 2002 929
event000002621 10056 7772 5321 3196 1395 739
event000002690 11309 8718 6063 3503 1464 740
event000001887 12069 9503 6521 3676 1318 584
event000002586 13999 10801 7721 4594 1946 957
event000001295 10781 8492 5949 3654 1579 704
event000001772 15581 12151 8675 5164 2178 1001
event000001204 13468 10734 7670 4599 1975 957
event000002721 13474 10684 7449 4580 2102 1118
event000002316 9424 7284 5066 2990 1314 672
event000001074 12971 10121 7229 4390 1974 1008
event000002537 14862 11532 8174 5090 2082 1005
event000001677 11875 9252 6379 4029 1697 904
event000002321 11079 8507 5829 3437 1468 756
event000001771 9187 7226 5084 3024 1300 640
event000002111 14387 11300 7964 4535 1867 878
event000001935 12651 9798 7071 4266 1807 918
event000001768 12276 9305 6308 3627 1511 652
event000001000 14547 11262 7844 4644 2123 996
event000001116 10878 8404 5826 3506 1472 684
event000002079 14499 11257 7949 4812 2110 1023
event000001895 10365 8041 5648 3222 1316 598
event000001666 13164 10195 7140 4297 1816 872
event000001402 12493 9643 6618 3838 1627 778
event000002229 14138 11051 7864 4764 2062 1052
event000002570 11278 8825 6118 3653 1651 884
event000002811 13027 10412 7526 4584 2113 978
event000001196 10452 8074 5440 3232 1296 607
event000001269 10427 7999 5555 3220 1380 658
event000002596 12452 9669 6774 4102 1731 842
event000001117 15814 12517 8836 5238 2197 1017
event000001760 15056 11907 8583 5087 2383 1192
event000001938 14004 11080 7880 4822 2127 955
event000002666 12847 9950 7106 4266 1808 875
event000001236 11602 8997 6359 3854 1478 777
event000002667 14965 11811 8282 4997 2231 1036
event000001767 9716 7609 5357 3133 1229 564
event000001602 13257 10637 7710 4774 2000 867
event000001281 14291 11206 7851 4789 1957 910
event000001084 13729 10691 7471 4434 1926 1005
event000002089 12894 9825 7015 4006 1684 789
event000002593 15136 11927 8387 5077 2224 1119
event000001157 16253 12844 9421 5693 2355 1156
event000001214 14017 10971 7821 4747 1840 891
event000001776 15241 12015 8566 5150 2196 1031
event000002008 14297 11210 8002 4955 2169 1097
event000001766 10075 7658 5365 3188 1435 692
event000001035 10424 8058 5724 3475 1467 701
event000002605 12434 9508 6624 3945 1651 750
event000002320 10756 8310 5741 3475 1432 699
event000001860 14482 11499 8209 5049 2157 1093
event000001866 12556 9862 6949 4101 1814 860
event000002736 13345 10389 7283 4243 1850 897
event000002610 9938 7644 5303 3148 1245 561
event000001833 13003 10019 6952 4092 1783 847
event000001916 12811 9959 7053 4183 1746 844
event000001961 14273 11373 8036 4900 2084 1011
event000002058 13135 10256 7239 4129 1863 874
event000002122 12248 9531 6716 3980 1694 841
event000002086 13739 10651 7522 4517 1931 973
event000001878 11942 9502 6812 4214 1883 904
event000001770 10838 8411 5801 3399 1372 713
event000002502 13722 11052 7985 4997 2090 942
event000001819 12832 10217 7181 4322 1776 885
event000001378 11254 8711 6092 3595 1536 742
event000002273 12801 10002 7019 4238 1882 1028
event000002129 13029 10297 7301 4580 2169 1038
event000002768 12638 9849 6777 3947 1668 790
event000002650 13823 10719 7488 4455 2043 981
event000001716 12778 10145 7138 4310 1908 895
event000001960 12984 10213 7312 4401 1926 973
event000001031 14402 11131 7984 4759 1900 958
event000001614 10340 8051 5604 3446 1604 809
event000002342 10077 7939 5686 3378 1529 743
event000002589 14118 10863 7650 4426 1857 841
event000002292 11701 9204 6293 3604 1402 652
event000001951 14791 11468 8098 4790 1984 938
event000002339 12924 10014 6944 4117 1704 871
event000001964 11492 8944 6302 3756 1702 868
event000002132 14986 11638 8374 4930 1960 945
event000002146 10981 8447 5691 3357 1350 640
event000002816 15690 12318 8750 5242 2270 1103
event000002250 13577 10543 7474 4434 1825 823
event000002394 14347 11213 7804 4579 1898 867
event000001048 11685 9108 6444 3801 1513 728
event000002051 15984 12374 8703 5187 2188 1013
event000002705 12243 9651 6828 4223 1759 840
event000001686 12171 9385 6674 3970 1680 877
event000002716 10612 8210 5753 3449 1406 599
event000002328 13431 10626 7624 4578 1899 854
event000002817 12799 9933 6849 4001 1819 925
event000002038 16516 12927 9344 5674 2325 1152
event000001474 13414 10513 7374 4303 1724 909
event000001717 12397 9639 6793 4015 1720 834
event000001575 12145 9546 6701 4022 1709 873
event000001957 12477 9771 6748 3904 1629 804
event000002710 12002 9479 6786 4090 1822 898
event000001790 10425 8007 5744 3315 1429 706
event000002564 12802 10014 7203 4447 1978 984
event000001120 9275 7018 4917 2916 1102 517
event000001175 14099 11206 8119 4886 2182 1082
event000002743 14392 11482 8145 4926 2102 998
event000001095 13094 10354 7394 4448 1905 939
event000001588 15370 12053 8482 4981 2032 931
event000001089 11950 9350 6615 3810 1605 827
event000001210 11103 8473 5806 3532 1489 688
event000002532 11443 8813 5976 3515 1498 716
event000002222 12268 9589 6660 4048 1632 870
event000002219 11022 8406 5888 3453 1535 769
event000001271 13018 10040 6898 4017 1660 783
event000002066 11262 8791 6209 3668 1586 721
event000002460 12078 9230 6382 3824 1577 742
event000001876 12070 9511 6609 3930 1550 693
event000001050 13127 10379 7381 4226 1920 933
event000001212 13946 10985 7892 4678 1987 1000
event000001885 11007 8546 6036 3647 1631 790
event000002332 11634 9149 6528 3888 1617 858
event000002356 14887 11495 8289 4748 1956 815
event000001250 11370 8937 6384 3872 1643 764
event000002660 10394 7932 5455 3267 1396 652
event000001723 13265 10466 7457 4502 1859 887
event000001102 14189 11412 8278 5218 2264 1065
event000002731 10315 8178 5645 3210 1374 638
event000001632 11455 8784 5996 3529 1426 720
event000001141 14603 11335 8026 4696 2038 931
event000002348 10273 7972 5413 3200 1283 567
event000001112 13842 10996 7965 4897 2225 1059
event000002780 11520 9085 6248 3767 1612 854
event000002126 12174 9654 6650 4018 1733 851
event000002063 15589 12219 8598 5157 2038 833
event000001159 13541 10657 7665 4600 1900 865
event000002388 14346 11242 7944 4804 2011 928
event000001254 11095 8674 6295 3838 1644 863
event000001667 13841 10972 7648 4580 1959 921
event000001499 12347 9657 6783 3894 1665 810
event000001942 13040 10365 7402 4368 1789 844
event000002264 13216 10260 7223 4353 1878 897
event000001224 13033 10057 6896 4147 1657 764
event000001344 11837 9051 6241 3666 1567 754
event000002814 13157 10204 7282 4480 1959 953
event000001124 14493 11375 7987 4778 2131 1032
event000001062 8014 6280 4343 2594 1063 429
event000001794 14430 11371 8142 5043 2188 1189
event000002263 13477 10429 7299 4460 1723 706
event000001009 12657 9817 7010 4125 1728 847
event000001287 12909 10175 7277 4228 1861 945
event000001594 12171 9522 6542 3820 1593 652
event000002060 13190 10361 7411 4507 1963 979
event000002640 12571 9888 6941 4075 1770 863
event000002233 13445 10623 7640 4607 1896 858
event000002473 12727 9851 6966 4180 1721 891
event000002374 12427 9686 6788 4056 1840 856
event000002221 14312 11090 7728 4676 2100 1071
event000002484 13618 10673 7547 4574 1828 870
event000001584 11129 8862 6266 3884 1630 794
event000001153 12785 10080 7174 4245 1891 874
event000002626 14527 11472 8372 5176 2228 1114
event000002380 15450 12134 8549 5135 2194 1079
event000002631 11851 9168 6417 4084 1805 870
event000002701 13192 10120 7117 4148 1753 852
event000001764 13395 10274 7078 4177 1862 807
event000002068 12627 9778 7011 4273 1926 987
event000001909 10991 8597 6049 3681 1548 786
event000002206 13657 10586 7619 4344 1855 747
event000002006 12939 10379 7459 4583 2176 1120
event000002509 13001 10153 7118 4181 1838 853
event000001578 11797 9144 6399 3732 1561 822
event000001375 10805 8475 5864 3586 1417 608
event000002563 14431 11213 7791 4642 1921 812
event000001695 11768 9346 6561 3886 1619 845
event000002142 12913 10129 7162 4402 1857 882
event000001286 10638 8356 5709 3537 1378 708
event000002697 9442 7332 4882 2886 1180 562
event000001864 13829 10730 7134 4074 1477 593
event000002671 11117 8477 5852 3439 1436 711
event000001724 13657 10634 7450 4545 2034 1030
event000002729 11956 9163 6366 3790 1660 826
event000002362 13231 10392 7464 4698 2192 1068
event000001836 9950 7920 5411 3191 1359 690
event000001108 14371 11248 7996 4801 2198 1022
event000001144 13641 10635 7366 4413 1893 885
event000001233 11049 8522 6185 3615 1445 729
event000001230 13262 10350 7428 4687 2102 1071
event000001501 16056 12431 8855 5305 2251 1057
event000001561 13967 11076 7878 4758 2046 1010
event000001929 13780 10558 7404 4467 1711 766
event000001019 14245 11056 7710 4638 1875 930
event000001637 14302 11108 7920 4888 2110 987
event000001823 9661 7528 5207 3206 1473 759
event000002150 10627 8282 5918 3571 1586 762
event000002722 13854 10887 7717 4727 1994 1037
event000001427 12858 10170 7238 4381 1900 974
event000001191 10208 8080 5697 3452 1528 680
event000002102 15370 11954 8416 4944 2108 1033
event000001012 13221 10281 7389 4399 1893 948
event000002253 13655 10764 7606 4602 2003 942
event000002719 10455 7987 5699 3289 1474 747
event000001101 13928 10733 7591 4535 1987 937
event000002627 15683 12518 8701 5154 2242 1090
event000001759 11646 9006 6291 3749 1634 762
event000002798 10955 8419 5951 3528 1507 718
event000002322 11394 8651 5815 3210 1355 553
event000002475 16649 13191 9521 5783 2609 1251
event000001643 12920 10394 7354 4470 2042 1058
event000001965 11309 8734 6172 3661 1539 712
event000002786 11198 8689 6002 3483 1426 632
event000002283 12536 9693 6652 3780 1536 672
event000001111 11322 8907 6322 3847 1636 838
event000001806 15596 12164 8650 5144 2163 1061
event000001700 13583 10514 7402 4308 2018 1022
event000001165 13176 10417 7365 4456 1844 908
event000002463 11985 9358 6660 3838 1662 789
event000002065 10525 8156 5652 3264 1363 613
event000001607 14061 11044 7662 4388 1885 962
event000001931 14279 11427 8094 4838 1945 882
event000002088 13974 10978 7703 4498 1804 838
event000001591 12522 9871 6826 4015 1652 761
event000002485 12712 9845 6955 4252 1731 857
event000002534 12032 9525 6775 4219 1810 906
event000001430 14153 11343 8004 4787 2048 855
event000001071 11666 8926 6123 3710 1415 681
event000002500 14466 11267 7993 4798 1984 925
event000002560 13281 10445 7494 4542 1933 1007
event000001828 13417 10630 7472 4470 1807 842
event000001087 16812 13186 9278 5574 2402 1102
event000001132 12750 10111 7072 4090 1681 827
event000002270 9256 7105 5025 2989 1231 602
event000002045 9900 7603 5319 3119 1355 704
event000002073 12941 10036 7019 4175 1831 949
event000001793 13805 10904 7852 4684 2050 1040
event000002074 12573 9918 6917 4072 1705 828
event000002706 14543 11277 8138 4577 1915 797
event000001251 11114 8617 6006 3555 1428 732
event000002247 12348 9644 6644 3867 1603 836
event000001721 11306 8647 5838 3250 1406 610
event000001642 9765 7627 5281 3103 1206 569
event000001394 11934 9465 6603 4006 1701 795
event000002028 14519 11484 8103 4891 2140 954
event000001922 12066 9341 6576 3693 1550 681
event000001888 12722 9939 7044 4222 1864 882
event000002097 10323 7948 5454 3139 1321 678
event000001937 14069 11070 7878 4663 1995 875
event000001448 11216 8745 5918 3331 1386 597
event000001568 12033 9323 6593 4042 1828 950
event000001500 12141 9489 6738 4002 1658 802
event000001730 10533 8183 5755 3556 1535 793
event000002330 13847 10973 7863 5025 2347 1149
event000001865 11854 9281 6521 3934 1716 790
event000001606 13017 10198 7428 4424 1907 911
event000002124 12601 9868 7041 4287 1891 988
event000002512 12905 10041 7112 4412 1888 893
event000001044 10535 8179 5802 3450 1513 786
event000002185 11818 9195 6574 3830 1619 821
event000001198 10940 8453 5924 3415 1370 661
event000001815 12899 10097 6989 4111 1778 913
event000002714 11638 9010 6337 3833 1685 844
event000002299 13852 10820 7618 4587 2107 1029
event000001243 12194 9586 6882 4252 1869 929
event000001346 11079 8527 5627 3318 1338 616
event000001861 10185 7724 5129 3080 1286 584
event000002001 9534 7473 5163 2915 1149 479
event000001976 9802 7509 5181 2953 1215 542
event000002360 12244 9685 6945 4256 1906 965
event000002384 13847 10905 7734 4754 1989 940
event000001093 14661 11438 8210 4793 2109 1069
event000001967 14270 11260 7882 4708 1954 937
event000002772 10933 8621 5925 3506 1556 789
event000002604 15713 12544 9043 5374 2236 1103
event000002195 11965 9368 6573 4000 1692 878
event000001858 12305 9688 7061 4342 1890 889
event000001335 14332 11190 7951 4840 1912 915
event000002218 10450 8157 5850 3569 1575 790
event000002144 12329 9294 6460 3772 1604 757
event000001875 12672 10037 7046 4169 1698 801
event000002508 13555 10612 7501 4315 1941 932
event000001525 9829 7843 5444 3323 1512 757
event000002156 11848 9364 6649 3976 1719 831
event000001073 13696 10891 7698 4533 1931 938
event000001905 11210 8913 6159 3612 1619 732
event000001738 12376 9705 6845 4039 1738 864
event000001305 14808 11417 8060 4742 2027 937
event000001570 8569 6501 4549 2706 1064 485
event000001094 13854 11012 7668 4805 2025 1013
event000002345 11635 8924 6211 3616 1557 760
event000001778 13963 10872 7546 4439 1867 871
event000001396 14201 11099 8107 4757 2158 1104
event000002027 13803 10976 7577 4607 1917 985
event000002315 12741 10026 7105 4312 1798 906
event000001203 13132 10272 7342 4303 1825 851
event000002036 12887 9976 7010 4208 1713 811
event000002552 11035 8852 6390 3971 1697 810
event000001189 12547 9584 6663 3919 1616 801
event000002741 11163 8641 6120 3537 1567 752
event000001173 12812 10040 7133 4268 1723 875
event000002130 11912 9156 6467 4057 1709 908
event000002080 11539 9124 6349 3741 1589 805
event000001453 13195 10317 7342 4359 1929 959
event000002799 14207 11233 8074 4807 2006 944
event000001844 13406 10637 7623 4657 1953 925
event000001527 11343 8904 6141 3835 1610 804
event000001907 12141 9673 6922 4157 1817 906
event000002752 12708 10004 7111 4309 1764 907
event000001298 12024 9361 6442 3881 1444 748
event000002695 12087 9298 6453 3763 1576 793
event000002398 10917 8492 5770 3256 1358 685
event000001131 10587 8422 5870 3491 1446 718
event000002239 13729 10509 7382 4294 1819 817
event000001268 13334 10465 7436 4472 1880 877
event000001115 13164 10327 7365 4443 1947 918
event000001098 11184 8780 6282 3731 1638 810
event000001530 12622 9951 6926 4069 1717 836
event000002115 12657 9933 7004 4167 1721 867
event000001537 14783 11535 8202 5064 2098 990
event000001671 12962 10308 7152 4397 2084 1099
event000002267 16027 12559 8839 5206 2234 1100
event000002110 10839 8184 5673 3345 1418 640
event000002197 10596 8288 5745 3344 1375 644
event000002136 12083 9407 6432 3717 1597 750
event000001145 11428 9040 6290 3627 1504 647
event000002198 11416 9003 6182 3595 1463 755
event000001884 14606 11627 8089 4811 2020 1020
event000002366 11249 8759 6143 3735 1612 753
event000001265 13696 10759 7714 4498 2057 994
event000002391 14018 10991 7757 4581 2029 962
event000002771 10661 8277 5726 3550 1535 825
event000001177 13792 10925 7753 4687 2009 941
event000002105 12183 9311 6512 3851 1593 721
event000001192 13401 10546 7497 4612 1978 948
event000001952 13227 10545 7580 4757 2040 908
event000002553 13011 10105 7098 4238 1861 863
event000001021 11345 8631 5810 3206 1365 577
event000001624 12303 9609 6792 4085 1850 895
event000002567 11574 9067 6317 3754 1736 909
event000001075 12108 9436 6626 3710 1526 735
event000001743 9476 7473 5324 3180 1421 814
event000001422 10995 8504 6013 3538 1424 667
event000001985 11626 9165 6477 3924 1675 855
event000001894 14597 11297 8024 4714 1987 977
event000001478 11282 8812 6362 3675 1562 812
event000001529 16041 12534 8799 5431 2342 1152
event000002611 13784 10772 7573 4374 1928 882
event000001393 11801 9281 6626 3964 1638 826
event000001761 11112 8647 5879 3413 1365 651
event000002265 10297 8050 5738 3388 1444 711
event000002674 14797 11488 7965 4858 2104 993
event000001304 15788 12595 9067 5412 2256 1103
event000002707 13863 10847 7411 4223 1741 857
event000001808 12833 9918 6794 3858 1670 814
event000001373 12275 9516 6806 3981 1709 839
event000002726 10153 7802 5397 3056 1351 642
event000001562 12870 10113 7225 4598 2074 997
event000002602 15318 11886 8383 4964 2139 1020
event000001284 14660 11319 8136 4930 2164 949
event000001306 15249 12261 8900 5512 2580 1259
event000002087 16319 12639 8966 5477 2261 1071
event000001832 11328 8728 6022 3556 1519 720
event000002308 12231 9487 6703 4056 1809 926
event000001576 12453 9582 6558 3718 1574 723
event000002223 12734 9903 6817 3945 1769 878
event000001424 14086 10987 7654 4532 1872 914
event000002518 10985 8497 6043 3662 1545 752
event000001355 14338 11244 8077 4810 2022 951
event000002696 13587 10706 7595 4637 1979 973
event000001392 13546 10611 7407 4636 2065 1004
event000001152 15140 11789 8391 5032 2136 1096
event000001968 10953 8561 6014 3688 1631 843
event000001638 12168 9493 6748 4000 1690 829
event000001223 12559 9856 6973 4180 1733 872
event000002624 10985 8517 6074 3626 1510 763
event000001991 12229 9572 6878 4047 1891 951
event000001352 11579 9111 6198 3690 1530 677
event000002782 15499 12123 8617 5185 2071 940
event000001636 12612 9734 6840 3963 1657 801
event000002181 12833 9999 7039 4371 1803 849
event000002686 11811 9206 6527 3992 1621 803
event000001409 11303 8698 6024 3658 1580 848
event000002639 16602 12998 9390 5684 2382 1232
event000002050 13190 10315 7312 4390 1798 857
event000001634 14213 11334 8056 4973 2014 970
event000002812 12326 9621 6841 4367 1903 944
event000002037 10752 8391 5764 3445 1472 701
event000002215 10850 8359 5800 3352 1331 611
event000002052 12507 9988 7222 4581 1969 919
event000002693 13412 10592 7471 4470 2032 1051
event000001312 16184 12833 9204 5409 2364 1176
event000002584 10252 8125 5801 3619 1614 836
event000002550 14675 11395 8064 4834 1973 921
event000001441 9561 7569 5138 3048 1275 693
event000001397 12055 9488 6640 3927 1695 791
event000002538 13764 10832 7711 4515 1895 900
event000002655 13034 10039 7007 4180 1746 807
event000001069 12873 9983 7165 4409 1822 873
event000001956 14686 11492 8300 4829 2110 993
event000002258 15520 12165 8695 5183 2303 1066
event000001106 12184 9449 6819 3886 1593 676
event000002363 14319 11234 7864 4747 1903 755
event000001709 13391 10384 7306 4207 1657 813
event000002810 12664 9976 7127 4330 1861 984
event000002730 16340 12828 9152 5647 2451 1244
event000001416 11577 8949 6193 3536 1431 719
event000001015 14225 11270 7926 4797 2001 990
event000002015 11300 8811 6137 3820 1692 855
event000002806 13729 10749 7583 4371 1862 846
event000001612 12719 10000 7145 4472 2034 982
event000001541 13300 10497 7307 4204 1770 800
event000001750 15454 12083 8576 5170 2253 1233
event000002093 16461 12868 9010 5481 2408 1171
event000002545 11536 9075 6382 3711 1494 715
event000002764 11496 9044 6209 3662 1634 807
event000002275 13590 10686 7504 4521 1973 956
event000001524 13019 10256 7169 4191 1784 848
event000002663 13682 10868 7762 4426 1964 942
event000002481 12170 9425 6648 3984 1609 817
event000001219 12100 9527 6828 4103 1709 852
event000001554 13213 10160 7070 4267 1772 762
event000001941 12863 9899 6819 3861 1640 803
event000002804 13511 10560 7389 4487 1998 916
event000002344 11804 9406 6675 3898 1640 813
event000002580 10497 8268 5809 3490 1486 742
event000002751 14412 11135 7786 4515 1885 884
event000001564 11878 9241 6520 3994 1831 916
event000002067 14320 11277 7842 4697 2021 974
event000002464 12883 10206 7286 4496 1854 922
event000002504 14122 11038 7714 4713 2058 972
event000001077 10883 8486 5866 3527 1517 807
event000002656 13672 10946 7703 4698 2155 1043
event000002555 12910 10107 7144 4259 1741 868
event000001041 11618 9152 6439 3997 1676 778
event000001360 12557 9703 6625 4093 1603 753
event000002521 13489 10498 7380 4502 1949 959
event000002326 14224 11291 8155 4956 2188 1048
event000001363 13031 10016 7016 4257 1775 834
event000002590 14561 11441 8125 4752 2192 1041
event000001714 13175 10322 7310 4532 1933 916
event000001321 12119 9177 6203 3425 1482 648
event000002370 9156 6927 4821 2861 1065 484
event000002379 11686 8862 6105 3682 1621 829
event000002373 13827 10784 7477 4466 1891 988
event000002540 12483 9791 6881 4032 1734 797
event000001081 12417 9664 6805 4120 1748 749
event000002487 15100 11771 8499 5095 2129 1090
event000002289 14522 11354 7983 4678 1842 841
event000001708 12000 9454 6726 4173 1875 922
event000002261 12790 10051 7106 4288 1846 903
event000001328 11550 9006 6360 3832 1806 883
event000002294 14020 10976 7698 4634 1953 921
event000002573 12671 9853 6848 4132 1880 930
event000001882 14593 11501 7935 4774 1908 928
event000001579 14642 11378 8021 4875 2149 1046
event000002011 14012 10939 7739 4476 1987 909
event000002568 12668 9663 6944 4123 1849 919
event000002498 10852 8475 6000 3527 1412 657
event000001261 13576 10779 7512 4344 1750 831
event000002252 12281 9818 7084 4417 1819 835
event000001300 13681 10460 7294 4271 1908 874
event000001519 9640 7367 5151 3022 1306 658
event000001672 14353 11184 7774 4657 1847 919
event000002760 9940 7712 5267 3005 1399 738
event000001415 11995 9461 6647 3938 1589 792
event000002271 13209 10493 7299 4468 2059 1075
event000002755 11190 8787 6027 3529 1495 748
event000002775 12587 9649 6742 3915 1652 788
event000002662 13755 10763 7666 4613 2015 1015
event000001315 10697 8423 5832 3455 1407 709
event000002393 14032 11258 8084 4910 2263 1184
event000002293 14454 11545 8185 4997 2262 1136
event000001639 14943 11585 8180 4785 2048 962
event000001798 13596 10508 7405 4281 1853 909
event000001538 15528 12217 8610 5034 2037 971
event000002652 15514 12047 8544 5047 2184 1097
event000001239 12544 9787 6799 3991 1668 854
event000002383 10957 8555 5948 3472 1424 687
event000002335 12548 9964 7138 4311 1751 930
event000001263 11461 8991 6265 3669 1557 770
event000001277 11570 9049 6410 3713 1486 697
event000001395 12698 9888 6955 4131 1749 889
event000002148 12561 9767 6793 3973 1604 758
event000001063 10649 8142 5706 3309 1320 603
event000001841 11359 8965 6341 3903 1670 776
event000002619 10691 8333 5854 3432 1495 723
event000001187 16703 13034 9397 5835 2400 1166
event000001025 14389 11444 8244 5014 2262 1094
event000001190 13234 10326 7421 4329 1798 875
event000001820 12113 9312 6604 3891 1557 834
event000001622 13216 10355 7295 4418 1845 929
event000001630 14630 11408 8113 4895 2160 1135
event000001237 10569 8218 5628 3337 1494 710
event000001891 11211 8784 6100 3539 1504 633
event000001959 13419 10506 7446 4358 1851 922
event000001488 10788 8391 5892 3617 1510 722
event000001563 14306 11241 7831 4771 1943 768
event000001181 11169 8711 6098 3637 1538 781
event000002399 13997 10839 7631 4567 1996 918
event000001354 13870 10708 7528 4329 1724 802
event000002647 13341 10455 7168 4268 1808 874
event000001990 12506 9635 6795 3897 1662 757
event000001560 13055 10269 7348 4463 1977 986
event000002072 12879 10044 6986 4237 1768 894
event000002793 14213 11362 8125 4890 2174 1088
event000001781 11057 8731 6071 3670 1560 713
event000001648 9924 7712 5309 2974 1225 593
event000001877 11856 9283 6420 3799 1568 721
event000002781 12459 9708 6862 4116 1645 772
event000001016 14352 11255 8000 4862 2095 990
event000001291 11222 8745 6058 3372 1425 717
event000001260 11676 9147 6375 3729 1513 710
event000002044 11070 8684 6153 3624 1485 708
event000002676 15896 12748 9023 5401 2384 1144
event000002396 11092 8858 6233 3753 1567 796
event000001552 11393 9130 6540 4141 1725 762
event000001468 11806 9252 6577 3751 1515 682
event000002009 12385 9716 6920 4240 1809 928
event000002285 13810 10948 7955 4887 2144 1097
event000002480 11856 9296 6543 3976 1677 853
event000001910 16634 13114 9400 5654 2453 1172
event000002164 11081 8518 5919 3584 1417 678
event000001949 13392 10528 7347 4282 1837 927
event000002757 12918 9988 7125 4297 1822 901
event000002303 12999 10255 7304 4309 1918 929
event000001299 10973 8507 5894 3465 1304 697
event000001913 11362 8902 6120 3535 1517 714
event000002041 13201 10358 7399 4320 1904 954
event000002732 9589 7425 5025 3027 1272 659
event000002607 14153 11121 8121 4890 2035 1020
event000002242 15539 12387 8800 5350 2433 1224
event000002167 12148 9354 6348 3677 1507 707
event000001301 10067 7821 5327 3031 1216 469
event000001542 14408 11468 8155 4924 2199 1066
event000002735 13673 10784 7807 4878 2118 1054
event000002159 14531 11398 8077 4992 2241 1215
event000001290 13536 10466 7232 4328 1806 894
event000002465 11967 9466 6684 3967 1608 782
event000002643 10526 8315 5902 3698 1635 788
event000002318 11019 8461 5894 3527 1521 714
event000001805 14743 11443 7967 4641 1944 964
event000001368 11525 8950 6222 3590 1517 757
event000002227 12440 9782 6795 4176 1740 897
event000001921 12642 9746 6790 4006 1612 758
event000002104 15559 12364 8834 5252 2106 1008
event000001755 11586 8990 6349 3928 1580 755
event000002135 12986 10004 7083 4389 1673 816
event000002190 12668 9995 7055 4282 1778 845
event000001507 13062 10262 7001 4054 1663 843
event000001264 13818 10793 7749 4481 1946 980
event000001329 13477 10565 7524 4741 2030 1009
event000001318 11602 9013 6305 3740 1558 760
event000001258 13859 10867 7793 4642 1946 940
event000001654 12796 9815 6769 4145 1753 820
event000002069 10316 7844 5553 3285 1427 734
event000002612 12888 10047 7119 4187 1759 863
event000001425 11031 8508 6058 3555 1713 878
event000001166 10143 7920 5622 3364 1487 751
event000002712 12929 10281 7363 4533 2121 1009
event000002017 13191 10409 7295 4334 1793 781
event000001593 15208 11971 8373 4978 2115 1002
event000001657 12505 9742 6613 3750 1505 775
event000002305 11349 8724 6019 3459 1377 677
event000001455 10156 7973 5638 3409 1393 630
event000001684 11106 8774 6193 3859 1654 839
event000001774 10700 8281 5936 3576 1531 708
event000001725 14230 11293 8209 4999 2231 1113
event000002763 13966 11090 7728 4673 1837 853
event000002024 13549 10551 7398 4474 1857 904
event000002153 12148 9450 6431 3726 1556 699
event000002232 10598 8137 5561 3312 1358 646
event000002174 11525 8806 6015 3643 1428 704
event000002161 13806 10696 7301 4246 1888 938
event000001253 12871 10262 7367 4398 1911 967
event000002625 13450 10420 7309 4473 1892 886
event000001026 14417 11344 7784 4619 1928 903
event000001883 12863 10150 7206 4307 1946 946
event000001966 12872 9953 7033 4198 1769 802
event000001504 13106 10129 6971 4245 1808 819
event000001150 14659 11291 7917 4729 2167 1049
event000002644 12638 10017 7039 3955 1577 728
event000001376 13664 10747 7601 4405 1761 837
event000001993 14358 11515 8183 4940 2259 1156
event000002125 13669 10802 7741 4647 2110 1034
event000002180 13259 10177 7449 4390 1918 948
event000002327 14021 11087 7595 4514 1932 919
event000001857 13025 10371 7380 4516 1948 885
event000001365 11243 8774 6159 3557 1565 764
event000002486 10402 8030 5360 3126 1312 642
event000001548 13571 10500 7403 4419 1936 904
event000002019 9829 7625 5362 3105 1363 637
event000001285 11487 8978 6466 3856 1573 803
event000002266 12802 9920 6942 4162 1734 784
event000001451 10688 8393 6098 3543 1546 702
event000001516 15801 12408 8867 5300 2340 1084
event000002274 12721 9959 6919 4147 1825 857
event000002281 11233 8897 6195 3512 1400 633
event000001030 13052 10185 7120 4285 1769 913
event000001085 13518 10588 7390 4396 1745 892
event000002673 9752 7647 5477 3236 1363 713
event000002466 10276 7962 5685 3381 1509 715
event000001379 8813 6743 4707 2760 1127 542
event000001898 16169 12816 9107 5495 2327 1073
event000001623 11934 9260 6486 3888 1698 910
event000001172 11846 9123 6297 3668 1589 743
event000002609 10683 8437 6091 3726 1601 838
event000002034 10863 8576 6069 3750 1585 852
event000002788 11070 8718 6199 3771 1618 792
event000002244 10997 8587 5990 3525 1565 703
event000002382 10641 8267 5719 3398 1427 728
event000001218 9827 7395 5077 2982 1265 608
event000002795 11648 9013 6274 3695 1593 756
event000002728 12663 9968 6949 4042 1660 858
event000001256 10831 8507 5839 3367 1446 691
event000002454 14766 11796 8453 5082 2146 1056
event000001317 13388 10413 7296 4411 1944 944
event000002030 13136 10196 7274 4580 2039 996
event000001078 11361 8701 6046 3440 1334 668
event000002255 12244 9577 6753 4143 1709 821
event000002278 10847 8496 5936 3433 1436 730
event000001398 12774 10005 7054 4226 1795 988
event000002685 13049 10237 7295 4423 1781 860
event000002171 11507 8995 6195 3535 1420 723
event000002238 14795 11564 8116 4745 1882 837
event000002530 12065 9510 6641 3951 1650 820
event000002495 12182 9513 6700 4137 1729 844
event000001773 9263 7026 4894 2895 1317 674
event000001847 14194 11202 7949 4831 2043 937
event000001522 13246 10345 7198 4334 1809 940
event000002587 14026 10870 7670 4702 1900 896
event000002020 13189 10252 7177 4331 1776 871
event000001668 10984 8454 5980 3554 1639 863
event000002503 11357 8705 6059 3609 1579 746
event000001731 15183 11856 8291 5015 2000 1010
event000001786 12898 10000 7036 4295 1794 899
event000002742 12472 9884 6914 4097 1744 878
event000001826 15549 12268 8534 5009 2162 927
event000001320 10866 8304 5752 3355 1411 709
event000001728 11867 9260 6535 3951 1860 932
event000002749 12467 9739 6816 4064 1870 890
event000001377 12270 9542 6775 4076 1658 768
event000001611 13853 11049 7847 4729 2114 1028
event000001747 10334 8087 5597 3342 1415 636
event000002632 10196 7854 5563 3360 1380 696
event000002702 13500 10855 7838 4911 1980 900
event000001662 12652 10128 7334 4458 2049 1010
event000002630 11303 8822 6220 3842 1821 932
event000002794 15023 11749 8139 4825 2017 1031
event000002319 10695 8293 5890 3463 1455 706
event000002789 14293 11002 7757 4626 1904 913
event000001998 11868 9139 6304 3562 1451 680
event000002709 12434 9753 6787 3900 1648 800
event000001503 11640 9069 6405 3809 1659 725
event000001871 14264 11348 7968 4858 2183 997
event000002353 11062 8531 6000 3526 1518 668
event000002477 15024 11883 8355 4977 2158 962
event000002529 14214 11017 7758 4668 2060 1042
event000002023 11272 8698 6047 3638 1638 848
event000002101 9905 7671 5281 2992 1172 485
event000001226 15286 12264 8655 5225 2280 1094
event000002279 12250 9377 6492 3890 1703 840
event000002505 10122 7825 5566 3293 1282 636
event000001201 11118 8611 5954 3412 1403 596
event000001059 12621 9933 7103 4281 1741 892
event000001401 10080 7922 5578 3275 1418 609
event000002021 11694 8941 6183 3699 1545 807
event000002595 11266 8949 6240 3676 1479 775
event000001553 13148 10227 7244 4284 1890 846
event000001920 12265 9620 6695 4128 1862 888
event000001200 14380 11096 7802 4678 2105 1014
event000001337 14101 11064 7986 4897 1973 948
event000001005 12551 9613 6757 3919 1647 786
event000001128 10490 8206 5715 3270 1363 705
event000001309 11595 9054 6423 3727 1524 777
event000002452 15853 12499 8935 5353 2301 1201
event000001719 13353 10350 7242 4395 1771 853
event000001550 12779 9984 7086 4171 1721 762
event000001989 14648 11437 8035 4663 1900 910
event000002691 15209 11834 8454 4908 2003 939
event000002492 12356 9742 6899 4058 1705 815
event000001162 13708 10724 7677 4631 2032 1007
event000001125 12781 9995 6978 4289 1823 870
event000001650 12740 9970 7136 4294 1747 825
event000001370 13546 10639 7445 4476 1800 839
event000001973 13225 10348 7138 4267 1887 957
event000002149 11219 8789 6251 3755 1433 655
event000002469 11940 9277 6636 4039 1704 831
event000001053 13438 10331 7210 4162 1700 837
event000001029 12332 9620 6770 4264 1918 958
event000001605 13448 10546 7501 4471 1791 813
event000001142 11093 8871 6284 3733 1541 769
event000001845 11330 8953 6099 3735 1622 801
event000002179 12155 9418 6496 3852 1486 704
event000002769 11971 9371 6644 4113 1663 722
event000001407 15064 11860 8433 5039 2115 1147
event000002131 9937 7714 5366 3264 1347 714
event000001113 13670 10612 7382 4523 1903 904
event000002680 13133 10281 7320 4622 2059 1020
event000002723 11896 9199 6292 3733 1545 833
event000001088 13759 10642 7551 4464 1875 896
event000002064 13549 10484 7445 4621 2016 997
event000002234 11066 8682 6185 3828 1695 904
event000001332 12683 9776 7032 4088 1644 812
event000001939 10851 8362 5906 3590 1598 837
event000001834 11447 8842 6154 3716 1740 796
event000001940 13601 10556 7407 4414 1729 867
event000002601 10455 8115 5590 3173 1290 524
event000001783 11168 8690 5944 3504 1521 752
event000002494 11977 9193 6405 3751 1586 791
event000002235 14149 11165 7951 4861 2085 1017
event000001043 12436 9741 6884 4247 1917 1015
event000001216 8818 6845 4808 2877 1289 682
event000001596 11449 8901 6292 3920 1648 830
event000001010 11293 8634 5930 3506 1446 690
event000002378 10547 8335 5877 3463 1459 736
event000002527 11662 9126 6379 3884 1644 837
event000002636 12653 9873 6933 4248 1665 842
event000001385 11560 8846 6060 3669 1513 760
event000001493 12562 9972 7109 4327 1935 1009
event000001930 14434 11254 7968 5002 2167 946
event000002084 11087 8737 6184 3887 1671 849
event000002581 11165 8798 6186 3570 1371 710
event000002645 11367 8823 6207 3799 1623 812
event000001049 13223 10431 7356 4370 1931 926
event000001333 12041 9528 6794 4155 1772 950
event000002355 11498 9094 6432 3968 1689 854
event000002243 12673 10018 7138 4268 1874 938
event000001386 11996 9145 6299 3603 1425 743
event000001812 12592 9984 7061 4283 1924 954
event000002338 16407 12874 9221 5647 2350 1114
event000001791 13691 10746 7602 4505 1819 866
event000001246 13154 10348 7329 4419 1942 981
event000002522 13704 10682 7441 4457 1805 943
event000001072 12061 9541 6706 3866 1517 791
event000001330 9572 7343 5169 3164 1351 733
event000002341 13203 10139 7045 4031 1641 801
event000001348 11094 8636 6049 3514 1470 675
event000001984 12754 10133 7231 4479 1886 923
event000002536 10725 8296 5875 3505 1475 751
event000001843 12661 9827 6989 4322 1916 1011
event000001936 12262 9461 6612 3946 1699 820
event000002614 13100 10354 7342 4212 1704 816
event000001169 12839 9988 7028 4291 1772 842
event000001426 11918 9293 6684 4006 1602 792
event000001962 11999 9438 6750 4281 2005 962
event000002143 10604 8542 6145 3571 1589 834
event000002307 14789 11615 8489 5079 2124 1032
event000002039 12336 9655 6753 4008 1790 888
event000001292 11576 8877 6199 3758 1617 725
event000001799 13899 10954 7666 4604 2056 1003
event000001387 10522 8266 5877 3451 1532 695
event000001433 11902 9223 6441 3991 1637 816
event000002471 12568 9635 6566 3773 1647 761
event000002284 13627 10786 7646 4789 1984 931
event000002236 13470 10415 7394 4379 1895 962
event000002043 11554 9110 6415 3782 1597 782
event000001520 12073 9408 6730 4088 1727 881
event000002352 13269 10726 7805 4916 2112 1003
event000002746 13119 10274 7093 4193 1792 892
event000002075 11741 9168 6444 3859 1704 826
event000001496 11583 9098 6408 3822 1727 777
event000001914 13085 10358 7246 4249 1856 944
event000001859 13140 10290 7263 4398 1789 939
event000001658 15679 12310 8819 5260 2418 1128
event000002642 14345 11309 8116 4787 2099 980
event000001293 11643 8798 6027 3599 1513 759
event000001814 11132 8694 5992 3590 1484 701
event000001017 14960 11627 8153 4845 2108 1033
event000001164 14889 11628 8281 4955 1960 968
event000002371 13605 10729 7517 4596 2135 1149
event000001479 13796 10633 7270 4077 1667 765
event000001308 11512 8900 6362 3920 1651 783
event000001462 13092 10272 6960 3948 1638 794
event000001380 12948 9974 6975 4188 1905 901
event000002704 12616 9648 6656 4031 1711 809
event000001635 13257 10461 7553 4727 2067 1050
event000001842 12408 9753 6877 4068 1778 941
event000001737 14053 11047 8016 4876 2001 988
event000001148 9568 7367 5018 2788 1152 577
event000002114 14757 11562 8176 4971 1977 1004
event000002176 13598 10615 7661 4662 2119 1072
event000002046 13776 10903 7654 4653 2015 1043
event000002053 12844 9986 6975 4112 1783 795
event000002282 9991 7766 5349 3191 1278 667
event000002385 12264 9701 6926 4264 1847 974
event000001543 15502 12164 8546 5144 2263 1093
event000001999 11806 9169 6466 3866 1685 792
event000001118 12200 9448 6666 4022 1793 926
event000001011 13673 10712 7581 4322 1761 798
event000002708 12225 9521 6789 4044 1805 825
event000001032 11537 8983 6353 3803 1589 764
event000001653 11594 9060 6355 3754 1640 722
event000001138 13551 10546 7505 4440 1835 901
event000001179 12867 10163 7296 4650 2202 1087
event000002092 12769 10193 7261 4387 2002 1024
event000001598 13001 10104 7148 4273 1819 834
event000001698 12313 9532 6713 3928 1692 849
event000002340 10684 8308 5937 3516 1506 729
event000002818 12222 9340 6723 4030 1813 916
event000001139 15678 12139 8644 5029 2059 947
event000001906 11688 9115 6362 3792 1654 859
event000002095 12192 9574 6600 3902 1697 838
event000001374 11471 8866 6160 3638 1470 696
event000001067 9962 7627 5273 3111 1279 671
event000002683 12759 9832 7043 4074 1657 815
event000001185 12456 9679 6810 4176 1678 847
event000001252 12805 9896 6801 4048 1648 779
event000002622 10141 7681 5156 2822 1184 496
event000001555 11154 8789 6221 3817 1555 729
event000001003 11851 9275 6639 3908 1741 803
event000002358 14359 11244 8049 4776 2223 1037
event000001037 13954 10876 7878 4760 1947 977
event000002603 14735 11567 8200 4874 2090 965
event000001163 12445 9821 6999 4016 1812 855
event000001610 13544 10636 7647 4656 2003 967
event000001526 12000 9226 6302 3641 1501 765
event000002377 11120 8682 6004 3629 1478 770
event000002228 14452 11113 7765 4655 2045 1024
event000002000 13870 10608 7347 4266 1924 869
event000002737 12570 9778 7040 4443 1872 867
event000001856 11631 9029 6443 3760 1720 853
event000002525 11644 9256 6484 3951 1759 883
event000001628 12166 9507 6643 3914 1627 823
event000001802 12834 10078 7009 4305 1886 969
event000001228 11995 9533 6754 4078 1775 783
event000001267 11922 9434 6750 4108 1764 883
event000001274 14443 11205 7921 4701 2038 915
event000001687 15071 11741 8339 5153 2117 978
event000001123 11001 8510 5848 3450 1491 814
event000001535 12573 9928 7104 4366 1861 920
event000001358 9596 7589 5326 3214 1323 627
event000001051 14341 11340 8091 4889 2236 1087
event000001400 14862 11522 8050 4818 2214 1050
event000002203 11699 9124 6454 3862 1694 749
event000001722 11086 8498 5813 3372 1436 697
event000001234 12602 9964 7085 4357 1813 966
event000001143 13053 10430 7348 4440 2012 1004
event000001492 11700 9019 6287 3810 1507 740
event000001133 12392 9580 6598 3883 1574 731
event000002687 10022 7672 5176 3025 1270 603
event000002012 12791 9979 7087 4192 1743 834
event000001619 11831 9063 6435 3844 1750 924
event000001751 13941 10738 7553 4537 1932 909
event000002575 10192 7956 5552 3292 1486 765
event000002268 10952 8544 6017 3703 1661 847
event000001498 10775 8631 6218 3636 1528 708
event000001515 12810 9911 6872 4061 1634 756
event000001420 14205 11079 7891 4711 1851 908
event000001818 12866 10173 7189 4417 1852 850
event000002535 12735 10014 7098 4322 1858 973
event000002163 12155 9455 6694 3981 1700 772
event000001327 13196 10499 7456 4569 2004 932
event000002594 11380 8924 6241 3654 1611 729
event000001351 13467 10581 7466 4305 1863 913
event000001651 14418 11082 7834 4672 1954 943
event000001785 14786 11493 8075 4753 2032 967
event000001464 12168 9605 6834 4123 1853 937
event000002740 13544 10541 7390 4335 1837 829
event000001974 11603 9101 6402 3850 1727 851
event000001414 11945 9213 6407 3735 1634 768
event000002785 13010 10171 7134 4128 1738 733
event000002165 12734 9755 6799 3929 1753 819
event000001539 13800 10556 7559 4387 1847 852
event000001946 12748 9631 6595 3801 1679 814
event000001661 11820 9288 6500 3954 1659 830
event000001652 14052 11295 8167 5116 2215 1058
event000001155 11468 8813 6140 3591 1438 723
event000001357 11287 8877 6234 3690 1590 755
event000002533 13144 10447 7446 4465 1872 853
event000002350 11985 9388 6621 3959 1606 785
event000001033 10791 8597 6125 3684 1500 792
event000001266 13459 10485 7304 4357 1928 947
event000001997 12850 9978 7052 4273 1750 845
event000002606 14012 11299 8124 4975 2366 1202
event000001013 12147 9558 6786 3903 1733 857
event000002301 10224 8004 5545 3158 1302 555
event000002571 12799 10056 7098 4314 1830 932
event000001528 10880 8432 5938 3492 1465 789
event000002040 10384 7799 5433 3041 1234 636
event000002668 10829 8345 5842 3429 1443 732
event000002677 11824 9271 6427 3804 1576 765
event000001863 10977 8482 6158 3549 1401 621
event000001757 15266 11958 8558 4974 2055 927
event000001839 11536 8919 6148 3590 1462 711
event000002119 12939 10051 7051 4267 1704 842
event000001249 13487 10440 7330 4255 1753 905
event000002600 11978 9233 6369 3702 1657 716
event000002351 15325 11783 8353 5006 2104 965
event000001720 11436 8754 6035 3553 1483 780
event000001129 10851 8245 5790 3499 1551 802
event000001319 13464 10502 7341 4474 1849 908
event000001421 12433 9648 6677 3885 1711 853
event000001450 12053 9350 6539 3709 1563 761
event000001418 11014 8402 5892 3469 1441 717
event000001039 9483 7118 4919 2823 1176 616
event000002618 13608 10465 7377 4522 1963 960
event000001889 13847 10731 7602 4627 1999 1010
event000001592 13088 10467 7513 4572 2014 1032
event000001955 10831 8448 5991 3590 1381 631
event000002468 11220 8540 5880 3394 1444 715
event000002453 13393 10473 7526 4400 1883 874
event000001135 11507 8996 6454 3998 1722 896
event000002049 12719 9898 6863 3961 1596 720
event000002018 14083 10943 7679 4791 2049 1031
event000002597 11137 8633 5939 3418 1411 731
event000001996 11570 9106 6370 3742 1635 855
event000001933 16282 12835 9050 5519 2421 1213
event000002479 13176 10280 7306 4610 2015 1004
event000001439 14325 11137 7922 4907 2045 1056
event000001331 13495 10659 7508 4562 1886 943
event000001950 13950 10909 7713 4596 1877 808
event000002661 12727 9988 7000 3955 1579 716
event000001272 12354 9676 6692 4152 1916 860
event000002042 11134 8837 6276 3899 1717 777
event000002565 11468 8855 6110 3585 1442 640
event000001431 12974 9980 6854 4177 1795 839
event000002310 10012 7643 5250 3084 1257 574
event000001020 10558 8110 5612 3303 1355 703
event000002288 11692 9112 6482 3947 1635 769
event000002608 11573 8939 6336 3894 1681 816
event000001495 11047 8639 6052 3547 1483 739
event000002175 12467 9668 6814 4053 1684 814
event000001014 15085 11846 8405 4950 1963 965
event000001987 12585 9757 7025 4209 1795 880
event000001763 9602 7423 5149 3089 1230 551
event000002651 10191 7944 5538 3192 1269 535
event000001065 11550 8803 5864 3450 1452 632
event000001458 12253 9538 6654 4014 1756 869
event000001924 12115 9461 6600 3943 1681 783
event000002669 11089 8662 6116 3732 1518 771
event000001825 12532 9921 7172 4364 1958 881
event000001057 11138 8766 6148 3605 1595 766
event000001383 15957 12959 9160 5663 2448 1214
event000002489 10208 7668 5296 3086 1227 610
event000001572 12850 10008 7049 4262 1754 923
event000002548 11661 8998 6307 3716 1649 780
event000001156 13406 10452 7339 4460 2035 972
event000002367 14545 11543 8104 4853 2072 981
event000002112 13340 10437 7408 4405 1871 912
event000001001 10367 8016 5540 3149 1252 515
event000001582 11800 9139 6316 3694 1598 778
event000002613 13235 10442 7385 4406 1886 930
event000001544 11860 9232 6420 3748 1617 737
event000001022 11867 9070 6277 3668 1565 738
event000001532 13504 10552 7334 4339 1848 852
event000001262 13039 10240 7355 4475 2011 1093
event000001780 9980 7775 5281 3022 1290 638
event000001134 14019 11074 7824 4769 2046 969
event000001176 12889 10196 6936 4111 1701 817
event000001566 11708 9080 6368 3833 1600 723
event000001323 14705 11540 8202 4940 2049 1000
event000001092 14301 11057 7653 4606 1915 997
event000002779 13190 10342 7112 4605 1931 963
event000002620 12874 9982 7001 4216 1717 817
event000001325 14426 11355 8232 5000 2286 1101
event000001231 10528 8116 5671 3450 1430 711
event000001484 10164 8018 5659 3300 1339 680
event000001006 14110 11345 8134 5017 2359 1090
event000002478 12744 9936 7045 4235 1958 1003
event000001345 12898 10249 7280 4420 1903 969
event000002777 11948 9218 6567 3875 1753 739
event000002375 13210 10292 7196 4312 1884 921
event000002286 11760 9028 6312 3681 1563 762
event000002561 14086 11311 8154 4981 2284 1057
event000001758 11036 8525 6057 3574 1597 799
event000001551 15024 11569 8141 4798 2008 932
event000001852 12454 9881 7064 4418 1961 978
event000002026 13490 10642 7655 4640 2089 994
event000001410 11556 8957 6187 3658 1598 776
event000002177 10600 8139 5681 3410 1468 777
event000001235 11856 9281 6586 3984 1598 745
event000001777 11031 8516 5844 3468 1475 705
event000002711 14243 11284 7939 4825 1999 972
event000001248 11094 8578 5832 3437 1408 625
event000002801 14949 11601 8254 4785 1998 967
event000001215 11766 9351 6601 3950 1658 828
event000002178 13821 10847 7602 4562 1908 903
event000001988 13860 10857 7689 4612 1949 914
event000002082 12154 9373 6406 3746 1605 811
event000002062 11537 9048 6533 4163 1930 951
event000001399 12779 9748 6836 4040 1752 860
event000001154 14224 11463 8352 5084 2141 1066
event000001114 13927 10773 7614 4507 1857 811
event000002578 11296 8687 6099 3645 1593 828
event000002787 11931 9360 6518 3929 1614 755
event000002482 10751 8507 6183 3632 1521 752
event000001245 11422 8747 6120 3614 1598 767
event000002490 13628 10660 7603 4437 1883 888
event000001690 11644 9136 6485 3791 1642 781
event000002501 15572 12067 8544 5068 2131 1016
event000002713 15346 11901 8296 5105 2060 871
event000002689 13018 10139 7145 4216 1884 947
event000001040 15100 11891 8497 4925 2116 978
event000002459 12017 9348 6648 3907 1539 747
event000001213 10451 8237 5964 3368 1544 736
event000001911 11722 9138 6406 3884 1700 901
event000002519 9714 7463 5260 3066 1353 675
event000002386 11604 9056 6499 3979 1745 848
event000002395 11394 8930 6157 3619 1550 687
event000001633 10797 8414 5881 3428 1469 666
event000002241 10407 8159 5560 3275 1234 551
event000001944 11934 9246 6520 3781 1534 655
event000001837 13442 10610 7492 4521 1800 879
event000001194 12008 9095 6326 3752 1593 818
event000002287 12515 9714 6962 4211 1863 924
event000001334 10922 8568 6069 3703 1496 685
event000001645 12282 9631 6695 3841 1594 677
event000001322 10723 8272 5699 3368 1464 739
event000001597 10765 8366 5666 3254 1325 646
event000001042 12508 9919 6972 4022 1632 754
event000001664 15137 11792 8271 4917 2102 929
event000002759 11017 8558 5987 3629 1548 756
event000001683 13867 11028 7879 4730 2024 901
event000001536 11986 9302 6587 3901 1672 861
event000001353 10581 8252 5838 3474 1592 835
event000001002 15141 11915 8446 5079 2205 1174
event000001343 10563 8360 5923 3452 1485 754
event000002314 13777 10855 7768 4666 1832 879
event000002698 13048 10186 7082 4066 1681 812
event000002569 10005 7636 5331 3137 1261 581
event000001867 14576 11443 7993 4909 2025 987
event000001715 11164 8715 6067 3524 1462 743
event000001366 13590 10539 7334 4380 1775 788
event000001862 11298 8672 6020 3531 1494 717
event000001477 13672 10747 7728 4769 2033 971
event000002085 12979 10174 7285 4438 1951 992
event000002193 12395 9474 6749 4069 1774 849
event000001364 11610 8937 6315 3512 1496 724
event000001580 13208 10380 7264 4306 1805 914
event000002703 12898 10054 7133 4262 1871 848
event000002819 9774 7464 5203 3060 1213 538
event000001446 11068 8578 5921 3306 1349 665
event000001848 9076 7044 4939 2892 1199 626
event000002359 14388 11228 7826 4467 1877 883
event000002474 16344 12777 8953 5438 2295 1105
event000002807 16605 12911 9043 5379 2276 1087
event000001585 15791 12422 8850 5385 2342 1155
event000002658 12090 9427 6752 4125 1822 897
event000002182 12166 9305 6416 3820 1673 844
event000002083 14730 11703 8355 5059 2132 946
event000002682 12897 10167 7205 4332 1823 933
event000002657 15648 12214 8923 5376 2216 1069
event000001475 12890 10038 6998 4200 1761 886
event000002225 13184 10436 7317 4372 1990 949
event000001795 12462 9662 6784 4288 1821 883
event000001389 10661 8444 5941 3500 1472 642
event000001954 13845 10759 7527 4609 1992 870
event000001361 13370 10500 7610 4682 2075 1053
event000001302 16070 12504 8837 5262 2190 1090
event000001483 12178 9544 6751 4186 1680 867
event000002765 10590 8259 5935 3655 1620 809
event000002744 12405 9555 6517 3865 1709 761
event000001873 12615 9820 6913 4107 1708 822
event000001707 12778 9888 7117 4212 1750 897
event000001197 12556 9770 6791 4038 1772 874
event000001490 11451 8979 6202 3720 1565 752
event000001729 13157 10299 7438 4733 2097 1033
event000002276 11038 8534 5944 3362 1460 713
event000002634 12479 9859 7030 4105 1669 791
event000002005 13127 10086 7055 4159 1687 778
event000001314 12387 9684 6777 4240 1836 902
event000001513 15002 11768 8222 4913 1951 778
event000001137 13700 10689 7702 4689 2010 964
event000002739 15690 12144 8626 5012 2067 960
event000002638 10734 8390 5779 3466 1506 725
event000002029 12983 10168 7140 4265 1965 973
event000001696 10909 8393 5872 3523 1486 741
event000002547 12579 9845 6899 4090 1728 916
event000001846 14633 11457 8207 4980 2258 1139
event000002324 12324 9601 6781 4045 1636 809
event000001445 12693 9901 6848 3865 1582 826
event000001310 14155 10918 7588 4518 2021 931
event000002549 12197 9617 6737 3915 1737 870
event000002392 10282 8065 5538 3237 1337 632
event000001769 12919 10214 7251 4371 1772 851
event000001466 11151 8552 6026 3427 1381 635
event000002499 11060 8635 6096 3726 1540 727
event000002166 11627 9046 6498 3850 1689 834
event000001900 14214 11165 8020 4927 2111 969
event000001121 13872 10954 7631 4608 2099 1115
event000001296 11615 9074 6442 3938 1730 824
event000002256 12818 10001 7235 4142 1792 798
event000002213 16310 12756 8978 5407 2168 871
event000002155 13422 10386 7383 4530 1880 875
event000001174 15434 12045 8428 5115 2181 1061
event000001480 13970 10951 7665 4432 1889 852
event000001227 12120 9609 6656 4003 1652 778
event000002214 13097 10130 7220 4435 1950 986
event000001608 13052 10160 7141 4095 1799 813
event000001969 11178 8607 6132 3562 1584 779
event000001697 11535 8962 6213 3587 1534 758
event000001577 11885 9330 6538 4144 1762 923
event000001917 13284 10336 7184 4344 1815 865
event000001681 11145 8821 6199 3533 1373 698
event000001413 13256 10303 7292 4353 1937 910
event000001055 11911 9222 6353 3641 1545 648
event000002002 14501 11220 7971 4713 2034 980
event000001734 13629 10742 7597 4672 1848 886
event000002520 10975 8548 6033 3564 1492 773
event000001340 13723 10650 7555 4416 1838 875
event000001100 12697 9944 7066 4220 1700 804
event000001982 9658 7449 5119 3019 1254 631
event000001656 12587 9834 7096 4033 1742 727
event000001339 10373 7943 5489 3237 1370 738
event000001886 12197 9746 6893 4068 1818 877
event000001745 12076 9577 6702 4022 1648 803
event000001918 11012 8615 5988 3560 1431 716
event000002510 11380 8976 6399 3910 1609 844
event000002118 11490 8876 6280 3749 1615 799
event000002230 9737 7650 5243 3091 1267 608
event000001559 12877 10169 7189 4238 1797 908
event000002313 12211 9665 6879 4010 1746 834
event000001362 13302 10280 7410 4349 1826 816
event000002100 13576 10506 7285 4242 1941 879
event000001674 13252 10417 7377 4406 1920 928
event000002629 13155 10494 7553 4546 1996 883
event000001655 11715 9206 6540 3973 1598 801
event000001869 14402 11328 8139 4833 1880 913
event000001080 14512 11560 8166 4963 2064 1021
event000001523 12215 9522 6593 3963 1740 881
event000002675 12155 9400 6717 4016 1702 869
event000001789 10496 8063 5705 3320 1385 712
event000002516 14391 11379 8113 4799 2085 994
event000001840 11636 9056 6406 3764 1537 679
event000001803 11265 8843 6139 3512 1564 830
event000002616 11244 8831 6163 3700 1460 781
event000001673 15987 12439 8543 5048 2215 1145
event000002138 12457 9722 6783 3959 1717 863
event000001726 14904 11866 8126 4837 2001 957
event000002298 10276 7986 5450 3011 1292 630
event000001324 14171 11127 7926 4836 2146 1123
event000001289 9901 7720 5364 3274 1308 568
event000002582 10814 8328 5653 3322 1444 711
event000002248 12324 9654 6800 3991 1724 830
event000001534 10480 8229 5907 3716 1648 853
event000001927 9952 7686 5189 3145 1370 679
event000001756 14132 11138 8061 4894 2094 947
event000002577 9570 7563 5245 3081 1257 657
event000002562 13304 10348 7384 4654 1973 949
event000001620 9234 7043 4950 2948 1136 515
event000001631 11366 9081 6279 3659 1471 683
event000002192 11396 8922 6363 3835 1604 838
event000002170 13364 10431 7193 4210 1743 742
event000001669 11768 9047 6408 3711 1608 786
event000002776 12512 9605 6768 3976 1723 734
event000002168 14569 11418 8111 4723 2003 953
event000001202 15762 12394 8831 5199 2293 1194
event000002802 14219 11406 8244 5176 2160 991
event000001518 11526 8936 6364 3844 1696 862
event000002461 13624 10710 7504 4357 1781 819
event000001316 13318 10373 7306 4373 1788 811
event000001851 14214 11186 7918 4642 1891 968
event000001904 13937 10756 7448 4213 1831 867
event000001482 12753 10199 7427 4420 1926 955
event000002109 11570 9044 6429 3884 1622 841
event000002290 13683 10544 7407 4309 1881 837
event000002025 15929 12432 8813 5366 2313 1162
event000001066 13595 10775 7616 4435 1881 949
event000002077 11685 9243 6379 3867 1579 795
event000002133 13669 10710 7620 4587 1955 1004
event000001850 14735 11489 8139 4904 2134 1042
event000001945 11446 8833 5836 3220 1276 565
event000001713 15057 11874 8468 4861 1988 960
event000002558 12565 9792 6880 3893 1769 840
event000001279 11677 9164 6627 3988 1722 792
event000001384 16272 12769 9175 5668 2428 1189
event000001804 12062 9555 6704 4107 1862 927
event000002317 14427 11556 8150 4978 2125 990
event000002333 11961 9293 6610 3943 1581 768
event000001171 12545 9540 6493 3744 1612 745
event000001356 11130 8643 5990 3479 1496 777
event000002141 10404 8183 5810 3525 1545 743
event000001892 13188 10489 7402 4425 1959 907
event000002296 11575 9193 6466 3839 1637 849
event000001497 13108 10236 7250 4364 1828 802
event000001581 10036 7862 5352 3052 1132 505
event000001586 14175 10928 7714 4557 1888 901
event000001311 11931 9295 6508 3801 1521 726
event000001056 10744 8437 6030 3464 1463 719
event000001629 11146 8545 5988 3584 1532 787
event000002249 12655 9937 6959 4150 1939 928
event000001034 13121 10204 7125 4333 1694 809
event000001432 11190 8719 6222 3688 1512 725
event000002312 14346 11300 7957 4755 2022 1004
event000002717 15059 11842 8360 4937 2123 1023
event000002172 15230 11983 8431 5041 2285 1067
event000002302 14372 11172 7990 4774 2087 1063
event000002472 12268 9514 6497 3709 1611 772
event000001925 15778 12512 8772 5447 2283 1146
event000002796 13065 10144 6888 3869 1535 767
event000001082 10476 7982 5571 3314 1367 597
event000001103 12431 9645 6786 4000 1721 770
event000001341 10898 8501 6024 3654 1638 781
event000002585 12684 9895 7069 4303 1876 966
event000001244 11426 9073 6447 3774 1569 753
event000002773 11349 8837 6269 3775 1584 789
event000001678 12503 9632 6715 3873 1591 827
event000002295 11393 8896 6170 3630 1525 672
event000001506 13460 10509 7636 4341 1847 770
event000001240 11204 8656 6113 3614 1529 765
event000001058 14203 11139 7808 4525 1948 913
event000001454 12861 10258 7244 4340 1827 855
event000001932 13309 10312 7222 4279 1784 922
event000002523 11279 8785 6042 3534 1546 754
event000001788 11053 8668 6148 3734 1489 759
event000002372 10918 8497 5983 3532 1420 703
event000001423 13675 10868 7817 4914 2099 1024
event000001359 15733 12465 8685 5287 2316 1112
event000002154 11097 8696 6090 3512 1452 778
event000001054 12015 9374 6626 4162 1792 918
event000001693 15508 12254 8696 5191 2288 1100
event000002309 11828 9368 6737 4086 1730 823
event000001855 11985 9263 6507 3747 1629 820
event000001765 13904 10855 7618 4472 1899 857
event000002361 14013 11191 7858 4854 2049 973
event000001752 12991 10297 7560 4764 2121 1158
event000001733 11334 8868 6276 3814 1562 804
event000001270 11787 9220 6385 3762 1560 817
event000001604 11962 9193 6349 3912 1656 764
event000001567 13981 11007 7736 4633 1933 896
event000002137 14052 10977 7967 4919 1984 966
event000002808 13916 11042 7868 4514 2018 975
event000001739 10068 7736 5411 3216 1309 675
event000002672 11726 9012 6135 3442 1467 657
event000001980 13515 10600 7524 4558 2017 987
event000001435 12460 9858 6780 4055 1787 853
event000002767 13640 10583 7360 4251 1706 891
event000001083 12375 9640 6587 3884 1703 779
event000001457 11630 8980 6283 3648 1631 731
event000002566 15151 11862 8402 5077 2168 1041
event000001406 12614 9891 6962 4143 1861 858
event000002259 12629 9850 6882 3886 1672 823
event000001748 12664 9792 6865 3882 1569 802
event000002033 10938 8568 6160 3542 1422 690
event000001601 14801 11431 8074 4707 1981 943
event000001831 13259 10417 7151 4294 1735 824
event000001090 11575 8956 6256 3817 1727 840
event000001599 12881 10153 7117 4183 1849 865
event000001613 14901 11733 8322 5009 2016 803
event000001879 10665 8263 5942 3418 1467 658
event000002670 10398 7959 5401 3101 1324 614
event000002071 14632 11292 7914 4801 2028 1035
event000002551 14632 11298 8051 4817 2033 979
event000002641 10607 7965 5449 3044 1227 656
event000002488 13213 10407 7319 4374 1900 901
event000001180 13483 10430 7353 4582 1928 981
event000001971 11051 8656 5985 3635 1680 848
event000002337 10641 8266 5745 3329 1398 628
event000002592 10368 8258 5848 3496 1600 742
event000001027 13628 10832 7623 4646 2015 893
event000001060 13433 10413 7353 4314 1884 985
event000001746 9191 7119 4834 2902 1177 575
event000002134 11278 8816 6295 3754 1485 700
event000002357 13044 10203 6956 3995 1606 810
event000001303 12733 10045 7211 4250 1862 855
event000002078 10552 8204 5787 3445 1529 805
event000001442 13748 10887 7801 4734 1882 895
event000002091 11774 9213 6272 3611 1409 633
event000001926 12000 9587 6749 3952 1742 757
event000001471 13592 10680 7500 4482 1880 925
event000001644 16105 12641 8775 5257 2192 999
event000002200 14683 11419 8101 4870 2028 942
event000002809 12084 9394 6537 3839 1617 779
event000001109 14006 10987 7824 4462 1975 966
event000001342 13974 11048 7954 4918 2105 1023
event000001505 12303 9587 6771 4114 1714 844
event000002269 10614 8200 5807 3418 1567 806
event000001705 14233 10952 7682 4539 1935 932
event000002541 12891 10073 7001 4127 1769 783
event000001511 13681 10755 7552 4572 1931 966
event000001447 14703 11532 8286 4910 2126 966
event000001545 11543 9172 6359 3738 1592 807
event000001456 13623 10687 7559 4713 1951 927
event000002184 14281 11116 8045 4820 2132 882
event000001549 12377 9763 6857 4024 1818 889
event000002280 13471 10585 7436 4496 2032 1016
event000002128 9695 7702 5453 3266 1464 658
event000001326 14528 11552 7945 4810 1993 958
event000001571 13603 10789 7507 4618 2149 1134
event000001736 9493 7309 4879 2853 1214 644
event000001835 12839 10009 7155 4295 1671 751
event000002554 14056 10843 7548 4618 1976 924
event000001307 15587 12054 8710 5255 2255 1159
event000002588 16010 12514 8912 5283 2134 1002
event000001881 11758 9122 6338 3844 1562 767
event000001703 12607 9921 7074 4133 1779 819
event000001573 12312 9600 6647 3971 1723 929
event000001590 14204 11160 7860 4570 2052 974
event000002207 12899 10038 6819 3889 1572 793
event000002664 15540 12188 8640 5255 2139 1041
event000001372 9451 7433 4900 2791 1202 548
event000002300 13676 10599 7461 4380 1998 977
event000001096 11127 8667 6141 3602 1418 642
event000002217 12102 9405 6431 3850 1697 827
event000001461 11866 9235 6443 3738 1581 750
event000001702 17368 13493 9576 5684 2443 1239
event000001381 11540 9071 6250 3658 1549 807
event000002194 12726 9889 6913 4093 1618 741
event000001981 13347 10511 7335 4218 1709 831
event000001775 10084 7756 5269 2952 1156 556
event000001675 10629 8418 5914 3620 1617 821
event000001557 14388 11321 7800 4510 1903 984
event000001136 13969 10876 7687 4635 2014 1022
event000001547 10290 8045 5503 3187 1350 718
event000002462 15348 12019 8590 5121 2213 1114
event000001706 15197 12205 8824 5475 2527 1207
event000001849 14841 11631 8204 5082 2285 1111
event000001107 12860 10001 6928 3930 1628 782
event000002470 12028 9274 6290 3606 1483 702
event000001718 11484 8900 6209 3661 1574 764
event000001186 11321 8717 6045 3577 1505 726
event000002054 14383 11127 7788 4745 2063 945
event000001701 10297 8009 5498 3163 1280 551
event000001762 14131 11099 7926 4740 1939 951
event000001104 12562 9669 6711 4076 1771 817
event000002496 11345 8788 5876 3509 1421 615
event000002457 14468 11241 8114 4850 2039 1042
event000002623 11956 9302 6396 3829 1728 865
event000001061 10680 8248 5836 3533 1386 751
event000001912 13776 10783 7566 4505 1930 891
event000002591 12774 10111 7062 4143 1707 836
event000001626 12545 9765 6813 4019 1739 855
event000001473 12573 9807 6955 4066 1785 953
event000002753 13905 10876 7546 4451 1764 849
event000002346 13349 10535 7450 4542 1988 993
event000001533 11980 9450 6617 3857 1625 739
event000001195 13131 10434 7273 4379 1820 863
event000001800 13688 10696 7548 4611 1989 981
event000002099 13134 10458 7398 4476 1974 953
event000002224 10819 8529 6035 3660 1536 783
event000001685 13273 10385 7420 4488 2001 1006
event000002678 12708 10070 7051 4264 1871 819
event000001028 13461 10550 7516 4613 2130 1064
event000002251 13640 10456 7265 4282 1790 882
event000001126 10750 8312 5678 3214 1405 683
event000002390 10225 7960 5598 3223 1366 630
event000001704 15552 12504 8984 5417 2280 1133
event000001170 11128 8571 5823 3376 1373 672
event000001008 13317 10471 7436 4620 2050 979
event000002679 9335 7266 5151 3151 1475 729
event000002778 10783 8259 5749 3551 1477 721
event000002756 12232 9291 6466 3941 1769 788
event000001110 11178 8833 6270 3757 1640 801
event000002216 14858 11741 8372 5020 2183 1043
event000002376 10703 8459 5837 3412 1497 757
event000001336 10426 7996 5361 3088 1304 647
event000001899 14303 11200 7817 4663 2033 995
event000001903 14148 10931 7629 4448 1803 915
event000002257 11635 9042 6179 3564 1513 798
event000001972 14990 11648 8157 4985 2019 1068
event000002734 13642 10904 7792 4782 1970 936
event000001649 12725 9857 6932 4182 1824 837
event000002262 15121 12056 8708 5413 2534 1189
event000002196 12376 9776 6838 4156 1807 884
event000001206 14894 11950 8605 5302 2479 1149
event000002090 14503 11432 8148 4785 2142 986
event000002152 11037 8440 5766 3310 1392 698
event000001217 17009 13521 9570 5804 2511 1169
event000002800 15418 11955 8452 5110 2096 961
event000002774 14157 11268 8052 4875 1972 863
event000001428 11179 8712 5933 3491 1568 782
event000001616 10465 8176 5728 3500 1497 696
event000001408 9387 7161 5097 3198 1424 706
event000001470 11617 9089 6277 3741 1611 752
event000002306 15554 12377 8783 5375 2495 1213
event000002139 11884 9201 6434 3741 1597 791
event000002692 12472 9786 6910 4249 1929 887
event000001149 14840 11530 8062 4805 2173 1026
event000001151 9703 7509 5177 2953 1190 516
event000002659 12629 9866 7060 4181 1721 849
event000002493 12183 9568 6886 4106 1809 959
event000001476 12516 9775 6920 4169 1676 779
event000001963 14655 11455 8003 4884 1923 740
event000002511 15695 12548 9010 5527 2536 1172
event000002615 11195 8685 6168 3853 1701 818
event000002108 13295 10415 7415 4622 1987 959
event000002791 11660 9159 6361 3753 1639 757
event000002007 12338 9646 7141 4301 1792 876
event000002544 11883 9347 6417 3826 1706 798
event000002790 14083 11093 7926 4837 2073 1045
event000001036 12202 9531 6709 4105 1760 881
event000002727 11018 8701 6032 3801 1569 837
event000002583 15410 12176 8638 5138 2094 915
event000001908 13438 10530 7301 4420 1805 910
event000002145 12780 10084 7113 4279 1816 876
event000001813 11723 9040 6238 3579 1543 698
event000001419 12842 10020 7013 4207 1681 824
event000001948 14499 11613 8084 4828 2066 916
event000002648 11640 9104 6157 3642 1457 568
event000001670 8112 6132 4295 2516 951 452
event000001481 10308 7986 5529 3366 1456 718
event000002151 11645 8720 5919 3384 1352 597
event000002098 13630 10642 7557 4491 1982 941
event000002347 11554 8947 6138 3708 1522 768
event000001127 9866 7847 5445 3459 1431 757
event000002506 15022 11773 8404 4855 2065 901
event000001615 10367 7990 5542 3238 1355 615
event000001467 10355 8093 5645 3309 1426 648
event000002208 14523 11414 8164 4810 2169 1018
event000001429 11980 9266 6577 3893 1621 724
event000001621 13912 11039 7679 4649 2122 1112
event000002750 11497 9036 6329 3737 1498 750
event000002387 14150 10954 7811 4652 1927 921
event000001105 10659 8488 5992 3710 1530 778
event000001147 12977 10075 7177 4327 1839 929
event000001625 11718 9119 6400 3791 1634 803
event000002204 14315 11059 7640 4610 2006 932
event000001679 15642 12118 8574 5218 2320 1150
event000002106 15122 12198 8790 5373 2541 1264
event000001349 12808 10070 7157 4338 1683 779
event000002748 10201 7844 5436 3166 1353 666
event000002792 13222 10420 7343 4401 1809 836
event000002628 10468 8147 5715 3379 1466 707
event000001038 13183 10348 7218 4216 1764 864
event000002365 10308 8056 5727 3334 1384 646
event000002515 11711 9043 6259 3701 1506 663
event000001390 10779 8310 5660 3250 1308 623
event000001004 16813 13422 9726 5839 2410 1210
event000002598 9755 7526 5345 3089 1353 666
event000001689 14828 11220 7988 4605 1970 883
event000001732 12638 9926 7181 4197 1738 843
event000001901 11086 8576 5941 3764 1565 763
event000002633 13094 10144 7161 4344 1782 892
event000001168 12869 9875 6823 3945 1650 809
event000002160 16309 13140 9248 5590 2476 1187
event000001986 13574 10607 7568 4600 1967 945
event000001779 13127 10263 7249 4242 1697 905
event000002617 13677 10717 7493 4431 1857 797
event000001288 12789 9999 6992 4124 1661 842
event000001854 11368 8866 6249 3598 1732 814
event000001868 11088 8564 6025 3557 1491 723
event000001443 11656 9014 6279 3760 1680 905
event000001229 12182 9515 6685 4021 1872 885
event000001595 11378 8972 6275 3779 1634 857
event000001807 17386 13698 9623 5971 2496 1170
event000002201 14592 11350 8119 4838 2034 952
event000002770 13175 10126 7008 4187 1736 780
event000001809 11061 8634 5962 3527 1478 736
event000001046 11454 8895 6004 3543 1405 575
event000002483 10638 8386 5949 3647 1515 804
event000002507 15762 12306 8593 5013 2125 1043
event000001487 14741 11441 7993 4837 2068 943
event000002117 15534 12252 8585 5193 2271 1067
event000001182 13816 10744 7641 4535 1873 928
event000002688 14177 11119 8008 4917 1995 989
event000001902 12778 10054 7183 4239 1766 844
event000001600 14256 11154 7821 4684 1935 826
event000001259 14303 11125 7968 4557 1963 1016
event000002220 10831 8462 6010 3591 1496 760
event000002113 14076 11084 7915 4550 1998 949
event000002334 10951 8530 6111 3649 1519 722
event000001140 12380 9562 6724 3885 1705 769
event000002048 11380 8920 6283 3716 1548 762
event000001086 14690 11549 8265 5074 2354 1091
event000002325 15346 11936 8369 5105 2191 1082
event000001676 10642 8172 5591 3149 1299 586
event000001208 10479 8169 5736 3466 1535 714
event000001122 12913 10148 7164 4311 1739 855
event000001007 12778 9948 7215 4285 1710 868
event000002121 12197 9343 6290 3468 1518 666
event000001688 15606 12279 8682 5078 2077 1005
event000001097 14212 11102 7844 4650 1879 877
event000002797 12529 9925 7065 4297 1862 878
event000001821 16310 12654 9176 5405 2304 1104
event000002003 13930 10920 7791 4572 1996 919
event000001313 12615 9926 7085 4085 1682 814
event000001502 13046 10383 7536 4822 2062 998
event000001247 10817 8477 5788 3509 1490 728
event000001232 12681 9996 6979 4174 1745 883
event000001222 8975 6899 4627 2463 1071 499
event000002576 12080 9368 6431 3847 1612 810
event000001161 14460 11332 7949 4559 1807 845
event000001995 11980 9421 6578 3841 1705 755
event000002013 13168 10343 7308 4320 1842 931
event000002354 13155 10207 7054 4260 1855 858
event000002724 13876 10871 7706 4615 2053 955
event000002803 10617 8142 5669 3360 1480 690
event000002684 11926 9428 6683 4110 1761 946
event000001742 15290 12066 8550 5249 2288 1086
event000001822 11959 9400 6715 3973 1726 807
event000001463 10573 8339 5820 3459 1437 646
event000001350 14979 11810 8369 5081 2149 985
event000001282 12270 9615 6721 4075 1677 807
event000002202 10589 8523 6161 3953 1692 839
event000001338 12734 10002 7055 4207 1822 903
event000001801 11428 8889 6408 3768 1549 792
event000001928 14600 11660 8149 4909 2110 1094
event000002815 11750 9058 6257 3722 1511 668
event000002057 14665 11416 7900 4569 1982 947
event000002784 13598 10616 7269 4472 1728 785
event000002103 13358 10527 7503 4517 1972 888
event000002531 10951 8704 6047 3482 1383 702
event000001472 11619 9105 6391 3870 1625 785
event000002070 11697 9113 6385 3839 1623 821
event000002539 15177 11626 8178 4686 1938 881
event000002456 17227 13857 9987 6131 2864 1345
event000001646 12153 9534 6691 4019 1801 924
event000002762 14326 11034 7833 4710 2052 879
event000001531 10777 8497 5983 3401 1318 655
event000001452 13928 10742 7479 4516 1869 837
event000001660 11165 8783 6304 3830 1656 803
event000001978 11321 8932 6201 3634 1459 766
